1000
1
478 952
27 168
71 824
901 103
748 138
412 3
331 484
510 306
92 417
62 403
653 899
756 210
191 341
475 578
969 778
632 110
50 790
904 216
890 55
518 374
189 469
663 210
33 506
162 72
304 770
739 405
665 362
716 176
666 159
331 70
704 256
350 68
914 643
991 88
555 264
18 868
116 670
603 311
479 508
134 685
916 173
214 609
56 151
344 214
264 7
381 788
9 907
455 137
426 276
309 518
768 307
345 227
128 353
995 447
737 125
282 59
355 434
729 151
659 959
94 878
667 277
305 789
436 48
603 972
1 720
862 872
323 334
614 542
905 239
468 142
909 89
621 602
249 992
721 607
882 16
929 24
739 960
867 978
632 880
88 520
138 620
350 265
500 197
432 162
49 637
149 24
700 442
181 701
276 358
818 90
240 893
85 292
607 193
369 874
884 250
890 790
871 284
297 475
420 765
797 160
184 613
472 596
994 358
820 494
206 710
207 778
152 982
899 755
957 566
193 68
403 492
724 435
307 299
911 205
409 336
838 196
483 552
160 995
144 209
922 444
104 588
216 110
158 570
492 567
859 474
595 780
246 646
545 152
449 271
378 234
548 758
60 833
524 416
574 910
431 588
327 616
997 148
391 839
698 89
937 508
650 450
889 589
802 266
481 809
540 139
174 326
331 540
835 565
764 831
108 956
283 830
669 236
839 979
887 356
987 212
883 818
22 428
550 556
496 863
71 480
529 58
871 498
739 692
693 843
583 152
677 616
87 339
256 146
100 98
885 982
329 909
447 753
566 390
474 67
539 45
348 493
446 820
529 217
942 940
377 20
492 304
340 555
168 174
719 692
753 195
5 751
759 752
977 948
756 250
539 636
528 674
204 551
643 593
12 252
155 792
160 237
199 691
593 470
487 453
957 400
900 630
546 393
776 986
157 520
990 162
766 515
43 929
135 413
401 242
800 368
369 612
192 221
738 846
551 428
689 950
418 931
154 814
486 124
770 707
798 86
835 666
373 302
488 67
840 373
231 949
998 272
392 797
958 201
945 738
519 970
25 652
355 431
343 899
679 57
595 883
123 251
192 945
211 329
976 951
308 736
596 775
816 697
246 751
108 696
748 144
676 190
661 383
196 692
346 331
511 367
979 356
561 659
165 219
773 678
718 516
79 128
233 63
228 535
427 862
376 673
843 319
411 680
88 118
255 687
568 493
56 255
757 976
823 902
213 428
291 791
323 669
146 470
891 896
211 24
74 935
907 118
375 749
812 526
88 274
189 625
221 669
827 236
898 604
481 380
381 214
703 560
614 200
111 865
891 269
68 865
606 686
218 770
308 69
644 582
304 417
132 705
655 397
193 231
308 159
180 896
719 28
502 462
254 627
858 226
246 965
144 294
103 844
71 367
558 812
536 384
36 220
531 63
7 379
489 309
303 138
694 355
725 809
714 933
663 515
609 912
322 677
354 412
790 840
707 848
807 80
750 349
384 842
704 504
893 313
725 867
360 824
543 307
302 366
347 86
341 136
164 616
176 416
168 277
32 817
135 815
126 674
161 471
652 938
673 858
768 855
346 250
977 341
721 84
992 471
437 713
660 549
429 165
350 408
721 480
767 502
584 523
533 878
159 598
284 559
667 511
217 648
563 970
52 408
555 7
996 540
185 190
445 74
42 245
470 239
45 723
834 367
554 157
430 136
210 857
928 572
144 352
219 828
460 328
755 520
837 299
124 841
489 159
268 586
707 92
802 549
42 531
434 693
234 158
958 500
150 451
455 200
780 610
447 822
425 912
938 716
534 500
24 181
288 119
84 511
814 265
90 822
124 266
781 109
719 455
375 755
397 97
138 671
68 209
376 76
439 955
175 899
322 962
966 583
329 775
604 620
718 749
241 223
495 532
17 489
621 453
250 138
689 451
645 718
449 522
8 581
718 944
377 195
696 305
297 206
855 457
710 671
305 484
254 115
248 293
255 995
563 973
735 601
312 470
82 127
6 206
913 79
520 134
618 190
409 700
468 503
721 296
683 90
148 464
568 259
953 924
273 32
294 330
529 769
973 78
974 666
421 64
464 975
842 312
242 977
256 650
438 359
360 171
445 782
949 580
267 863
858 761
407 401
760 841
816 447
572 346
684 466
659 755
984 147
838 811
475 499
744 23
406 98
760 105
720 287
237 911
339 724
401 688
588 765
832 253
186 783
454 412
72 275
106 832
607 223
704 989
450 183
483 661
226 466
741 757
662 229
323 698
346 800
591 424
63 510
97 931
695 69
55 220
846 635
129 726
368 84
888 314
225 4
992 158
886 868
483 195
180 382
406 827
180 470
396 170
160 634
521 40
292 464
697 89
679 100
770 231
82 543
500 19
893 375
324 981
497 395
187 748
977 867
350 133
525 624
530 721
857 937
614 124
17 1000
41 903
284 605
68 366
678 820
255 703
100 585
28 433
934 202
60 520
582 293
932 452
721 254
445 938
248 362
333 62
264 512
693 723
129 745
224 876
536 345
594 887
625 127
197 403
742 13
500 368
638 70
755 822
152 264
409 707
236 479
895 533
312 580
933 203
280 792
18 52
838 404
726 356
321 978
740 372
400 385
157 683
646 634
101 626
39 285
778 318
960 534
963 603
619 189
190 189
377 358
515 533
477 553
283 882
306 196
121 839
550 66
21 722
272 178
84 911
872 448
525 86
493 113
218 604
421 506
97 333
340 92
549 28
169 578
965 155
301 890
225 601
444 832
985 235
597 97
763 505
361 318
839 494
655 659
597 451
405 260
499 438
902 436
68 130
790 470
204 600
740 89
657 476
478 185
518 519
435 316
16 887
383 333
467 425
88 998
249 429
759 246
367 406
75 911
17 328
972 134
871 967
464 324
740 906
799 365
682 606
645 841
171 48
607 174
298 684
639 206
657 449
943 196
862 365
637 969
918 731
33 203
94 698
885 503
545 754
948 79
998 5
26 701
206 48
567 747
329 873
549 125
648 526
617 419
477 193
564 567
988 472
235 1000
813 824
610 605
760 569
488 152
885 386
52 5
655 671
315 922
991 417
807 240
668 685
896 311
87 901
236 453
367 103
162 64
271 782
560 449
877 319
701 227
279 793
902 470
207 755
551 227
287 97
781 350
17 714
978 728
826 785
879 912
615 574
321 653
541 425
93 397
695 351
206 164
939 653
830 836
312 181
418 1
584 766
728 471
568 682
423 962
647 725
69 805
696 561
69 318
6 166
168 749
186 478
197 50
798 933
631 730
479 172
42 953
40 704
9 846
693 748
956 98
776 332
283 859
257 732
780 50
115 96
987 507
839 660
642 414
434 685
916 750
594 661
930 523
78 605
373 937
482 384
595 537
641 589
974 1000
545 549
415 836
207 365
602 863
671 987
930 471
954 808
646 323
858 602
187 840
975 142
794 80
145 871
239 120
49 696
270 915
759 207
741 777
371 528
642 640
894 919
202 885
713 303
546 700
599 570
588 434
112 41
429 150
597 805
627 513
166 224
249 993
474 281
733 727
244 76
65 841
552 627
401 900
530 263
912 557
622 202
856 340
251 7
296 371
949 301
469 38
175 818
979 254
804 391
906 794
40 204
697 162
122 918
726 364
873 420
40 56
770 756
342 745
943 324
404 18
10 820
515 34
906 67
806 618
947 383
646 634
195 791
914 487
436 455
796 867
680 64
894 701
683 144
85 52
431 296
575 29
315 467
681 114
836 746
132 102
821 902
982 15
764 691
635 394
379 511
626 765
376 530
325 856
568 479
503 379
51 781
716 939
520 175
284 321
405 23
864 514
68 904
471 150
953 996
300 40
732 774
663 13
968 465
186 741
821 432
642 2
697 594
880 442
211 407
184 834
671 102
208 947
866 367
427 163
849 724
9 688
195 667
236 193
309 742
283 733
327 397
533 745
227 774
698 303
884 544
271 514
951 795
165 56
380 978
328 566
148 840
799 374
921 827
378 410
694 912
962 747
160 371
279 122
64 406
215 181
200 724
522 500
627 252
934 556
288 815
264 591
242 145
492 986
3 725
7 551
894 835
954 112
558 102
673 92
241 103
359 208
965 127
522 834
451 33
23 39
882 881
940 41
803 867
424 247
563 762
318 967
148 557
786 584
980 596
431 486
293 875
433 567
722 755
645 816
793 790
616 407
502 484
343 989
21 372
596 447
629 191
815 432
252 174
62 671
346 269
583 649
604 832
938 538
649 227
888 57
582 744
442 773
457 160
200 52
963 543
846 218
982 502
160 29
683 485
558 370
829 717
944 480
123 443
232 663
896 887
376 583
836 308
256 174
863 703
203 65
951 68
674 882
743 211
192 780
798 245
606 438
826 549
435 425
239 190
542 131
103 425
220 3
692 157
411 513
513 175
493 608
396 834
460 733
321 604
7 813
863 21
807 587
550 854
120 998
161 920
332 870
35 615
390 76
876 421
407 909
83 320
772 271
301 942
828 898
378 662
973 97
487 638
20 235
767 297
642 33
253 138
310 804
458 220
322 194
537 242
674 256
400 574
629 985
439 287
495 672
310 519
63 181
143 929
619 170
171 856
220 744
918 743
869 532
779 800
404 921
572 945
184 34
834 377
387 104
404 504
371 809
759 530
911 37
218 39
341 898
505 57
347 780
779 80
716 116
735 248
499 623
211 172
909 691
885 448
557 583
916 906
477 140
283 100
616 192
808 557
206 641
697 77
650 935
840 345
909 729
73 211
842 19
68 19
165 867
962 528
899 742
96 956
660 374
403 980
102 299
283 967
502 571
592 170
775 885
749 866
273 889
105 142
613 186
881 872
762 506
684 312
121 925
393 661
499 112
676 213
196 662
981 945
640 790
153 312
489 716
355 105
354 231
267 594
30 588
347 103
295 664
796 853
925 331
342 913
813 432
784 426
74 59
205 166
389 767
72 356
340 716
621 35
818 669
544 95
855 965
8 639
226 816
823 71
316 356
728 98
547 20
567 933
323 860
444 713
656 266
688 99
797 415
75 117
857 254
596 159
577 561
660 641
510 283
549 729
457 564
65 517
427 788
968 633
885 286
504 639
219 940
656 700
468 68
300 911
394 906
378 639
258 372
593 114
521 49
641 567
669 699
505 9
268 982
331 605
822 403
166 505
318 607
596 422
5 985
361 864
358 75
476 810
127 842
680 914
943 97
811 114
462 344
842 558
147 649
139 886
723 223
104 793
796 24
522 410
111 635
316 775
8 9
337 772
65 838
567 53
994 823
337 409
510 969
495 971
84 136
377 736
928 411
552 318
753 861
127 658
594 910
714 713
47 926
654 705
466 222
114 81
291 428
420 568
383 112
492 381
729 793
899 508
40 308
838 303
285 292
753 937
967 61
75 101
800 329
531 273
305 143
379 744
997 350
426 998
761 726
446 156
401 687
530 801
59 921
632 511
633 496
208 581
292 333
396 543
828 450
215 726
727 558
971 620
410 986
493 41
942 715
366 857
353 32
283 887
591 610
607 368
962 518
291 897
260 852
285 347
77 151
887 762
266 142
749 453
243 385
787 852
902 756
778 548
532 795
231 533
825 714
987 312
297 189
263 215
577 158
444 477
248 212
714 17
606 612
438 812
297 1
955 320
1000 415
262 531
182 197
610 451
339 174
509 859
350 690
878 23
610 773
332 546
710 803
748 263
990 499
931 568
311 191
289 693
817 834
99 643
178 100
972 367
406 192
283 240
217 57
943 527
188 33
665 664
105 567
978 894
664 312
93 906
657 505
34 554
379 66
881 190
538 458
674 500
905 18
400 514
735 897
130 997
909 204
583 143
191 441
627 730
762 318
955 673
341 598
876 850
345 343
490 327
210 343
128 290
39 20
893 752
271 246
464 18
344 201
639 337
576 472
850 157
458 581
384 617
661 157
489 831
500 928
545 830
217 82
503 468
127 472
937 359
973 860
111 856
477 499
898 888
522 373
741 115
800 552
25 443
811 777
907 932
408 402
69 792
93 221
166 876
317 771
717 554
788 510
450 904
628 28
174 111
533 587
164 477
141 376
52 520
19 274
756 221
394 99
543 407
684 657
896 765
810 18
757 459
49 734
500 102
753 935
805 793
794 136
208 352
714 305
380 338
504 560
363 656
2 634
111 677
44 224
605 135
400 425
517 966
175 932
523 435
928 839
279 497
369 263
412 321
712 458
912 47
610 670
380 776
584 281
634 439
274 289
613 179
558 997
642 509
663 903
112 548
770 99
57 600
340 715
765 735
603 957
152 646
58 316
1 586
627 8
621 487
527 956
96 844
355 300
439 408
998 630
836 865
21 184
20 844
308 500
179 22
551 444
320 203
2 943
575 589
413 568
471 749
892 805
516 354
477 611
496 223
929 555
756 412
359 374
572 450
903 998
528 221
317 672
858 154
145 164
311 927
117 969
756 894
283 850
855 463
52 647
807 625
617 424
873 586
835 390
540 584
425 822
98 466
571 864
214 290
226 790
290 347
780 198
305 519
435 581
893 411
577 831
968 508
187 242
888 412
713 638
866 700
597 320
266 47
451 100
413 45
451 475
39 183
574 908
263 455
569 331
554 889
249 794
149 570
645 891
33 309
970 967
945 160
761 579
443 777
819 48
625 593
268 730
216 391
565 866
591 556
471 491
591 609
120 880
673 756
563 355
741 702
310 42
863 752
187 169
672 706
268 182
532 230
756 81
762 857
220 254
16 622
940 942
9 665
853 127
846 850
244 585
700 692
315 177
398 422
595 169
834 790
548 701
767 535
499 330
155 346
915 774
570 767
22 272
586 68
100 756
892 116
384 946
250 382
168 403
58 60
127 467
430 979
772 151
352 944
493 750
505 206
988 32
82 638
428 76
462 503
294 467
693 22
16 267
794 66
756 709
919 200
404 558
567 93
562 934
591 434
633 695
151 824
576 571
507 314
369 916
996 881
809 81
800 613
728 51
76 384
503 202
880 185
526 652
899 95
483 117
107 645
858 638
493 926
634 886
577 288
153 637
256 773
329 965
592 440
86 821
860 298
509 344
566 510
110 439
19 68
326 568
649 468
374 835
213 720
203 619
151 845
831 455
438 277
20 226
246 495
529 809
556 922
832 857
525 192
599 36
320 609
17 892
638 107
191 593
409 2
470 50
117 409
861 271
455 701
142 599
107 853
989 445
847 831
677 387
693 376
283 44
733 649
166 96
476 30
966 271
959 357
581 56
500 61
262 187
522 836
414 393
501 498
300 293
558 756
187 695
611 418
102 703
486 37
193 408
994 727
376 252
710 960
119 845
972 674
544 215
473 142
826 918
970 11
448 2
576 343
492 69
805 4
359 421
240 450
448 462
401 919
362 881
559 823
681 525
574 63
662 449
938 551
931 750
860 684
147 555
139 345
459 7
858 184
401 494
791 833
160 440
41 692
510 882
514 995
913 139
610 20
54 807
832 203
626 720
287 961
345 753
485 901
772 4
316 984
674 246
708 74
325 695
325 168
803 473
630 501
265 70
790 735
841 812
733 812
110 407
295 412
351 812
579 645
114 167
656 152
514 396
313 890
580 262
709 321
955 397
783 48
549 919
530 786
106 108
299 176
70 685
704 592
251 141
512 375
901 558
308 575
634 607
999 391
504 908
539 360
886 681
803 151
669 586
156 493
604 646
753 50
764 681
587 888
176 933
41 64
707 481
372 270
443 913
386 553
189 754
883 837
48 32
813 241
638 337
353 479
511 15
321 135
179 653
200 53
812 869
794 286
686 165
108 940
351 286
808 478
854 326
338 867
807 699
868 675
548 990
248 659
983 178
66 218
772 569
594 198
483 841
457 687
559 591
843 711
659 318
934 98
115 817
201 130
677 704
728 805
180 675
822 350
128 211
163 257
491 505
313 264
51 14
345 786
607 115
222 835
384 173
60 645
638 412
794 292
452 852
993 218
200 767
810 660
467 871
649 98
507 808
304 786
558 339
765 702
176 283
691 205
584 87
392 715
594 321
801 71
815 596
471 718
224 883
324 337
903 5
682 402
254 836
428 242
404 133
531 96
10 263
953 166
263 741
562 978
235 851
773 86
53 438
940 788
269 784
768 442
149 61
156 391
497 603
189 952
612 181
138 760
760 795
807 125
298 172
871 566
398 343
817 712
96 398
195 28
505 752
517 888
943 783
484 686
434 807
630 852
501 873
689 461
604 53
326 942
94 758
811 609
39 149
313 845
666 896
257 950
207 790
760 861
690 570
156 646
422 495
297 339
588 793
771 276
200 931
714 493
328 958
549 866
545 943
732 599
169 760
252 380
399 22
973 46
183 749
924 400
567 294
827 889
776 127
337 809
96 309
645 152
648 618
677 958
445 515
476 25
588 587
407 984
619 971
624 616
121 793
397 325
995 600
504 214
290 517
762 985
890 51
593 920
334 499
57 672
402 674
93 937
836 495
858 68
94 536
828 351
301 415
195 14
812 388
331 894
622 737
456 638
492 563
38 895
969 986
49 415
942 316
75 931
723 941
929 99
690 840
251 62
828 905
286 518
351 687
946 589
604 990
865 757
67 577
906 175
549 705
499 487
753 644
200 350
230 498
459 493
848 834
242 228
864 148
660 903
195 932
508 769
877 594
116 964
68 636
560 372
10 630
652 755
427 507
243 999
973 886
596 276
330 710
183 60
220 17
748 829
416 995
957 795
602 392
722 673
985 794
468 738
623 505
79 549
38 56
4 94
1000 72
341 153
613 826
681 760
790 535
970 168
441 653
99 636
105 632
457 549
862 990
533 662
359 588
147 720
545 110
947 960
470 685
748 973
772 279
675 169
765 525
151 498
468 733
921 520
53 363
276 52
374 296
427 240
996 406
435 971
570 309
721 736
846 436
295 579
752 893
89 377
380 261
686 801
474 954
413 833
426 527
371 335
181 670
448 927
561 249
710 494
386 381
487 951
153 535
119 118
57 904
602 577
806 603
9 516
961 394
121 2
204 77
912 875
588 233
927 623
60 674
923 722
195 32
868 973
133 588
803 658
31 21
344 306
966 621
674 311
922 708
876 587
121 483
369 903
268 333
192 230
178 752
12 875
187 117
778 933
570 891
345 351
234 589
992 782
567 973
318 739
6 906
996 735
431 665
714 296
186 23
597 307
652 320
893 297
295 905
676 342
185 242
321 572
885 117
513 547
696 974
284 916
971 303
167 753
94 399
635 348
508 559
896 164
976 439
49 780
126 213
599 35
938 847
525 466
420 895
576 175
147 105
671 815
487 127
391 740
133 593
279 374
14 902
186 51
441 110
936 232
110 153
784 231
471 585
636 464
933 382
475 442
695 687
426 487
632 810
271 6
902 980
820 992
721 487
196 674
576 619
351 783
481 119
990 917
919 81
168 469
316 578
581 185
566 667
532 165
463 101
906 910
93 264
552 707
909 968
569 57
538 898
747 119
419 234
612 360
108 37
250 647
958 990
96 343
702 64
427 705
341 23
471 511
308 191
357 559
143 349
448 302
243 788
322 545
472 651
951 266
182 447
114 228
171 402
470 192
581 925
301 576
395 397
4 315
568 919
23 241
647 435
493 255
668 702
945 988
299 339
285 238
155 869
604 582
699 558
120 879
348 725
584 434
138 528
618 931
207 271
653 964
965 298
358 208
165 867
927 411
619 607
770 977
487 617
554 221
189 633
884 590
935 89
347 805
567 968
140 610
892 563
968 539
648 871
46 624
146 589
295 522
279 34
271 124
282 52
568 298
525 268
132 78
58 858
793 685
173 364
701 462
769 303
318 734
404 94
931 966
41 383
105 541
846 867
748 422
338 387
764 751
206 100
163 212
380 625
702 379
869 993
157 39
716 719
115 301
68 803
506 717
81 582
262 171
50 484
634 886
311 515
110 113
3 782
390 430
471 144
463 918
455 68
37 180
446 724
175 481
127 698
177 46
367 7
837 160
707 828
948 66
633 573
756 788
957 398
835 524
781 430
651 106
146 15
785 828
365 208
121 634
423 927
234 319
174 437
595 71
523 503
370 98
708 610
699 583
631 261
167 55
918 649
571 475
770 544
91 590
49 588
554 603
200 439
192 231
287 71
906 71
62 166
496 123
855 156
889 526
166 119
861 938
408 236
558 63
456 14
612 764
11 65
533 600
837 113
876 717
548 859
897 498
758 884
241 230
532 60
746 645
530 264
719 778
114 660
306 779
384 880
382 431
897 801
98 972
482 253
560 698
168 124
60 367
846 596
928 121
246 200
437 163
215 867
964 483
177 846
157 254
997 406
549 24
353 301
268 916
340 752
633 399
537 71
506 6
647 66
741 801
844 461
589 595
64 960
639 273
199 868
349 389
60 441
187 85
487 24
483 747
786 753
681 886
606 221
227 152
313 447
416 503
636 448
504 417
692 44
969 21
276 424
589 997
680 339
27 343
468 161
202 173
894 663
652 188
634 722
786 275
780 812
362 141
41 645
445 187
193 311
968 830
575 237
700 592
218 391
100 852
765 387
847 225
580 328
286 816
939 530
233 356
991 508
980 599
196 159
260 953
578 501
448 482
635 79
909 119
643 765
655 104
484 126
143 767
819 199
931 994
573 790
818 896
919 79
521 958
828 769
216 682
771 736
526 885
585 814
95 727
93 534
547 260
202 555
808 395
382 680
595 171
814 295
85 232
63 926
519 178
315 565
962 970
895 509
15 648
423 622
179 974
903 879
709 800
693 906
664 25
107 882
792 574
847 712
763 51
794 427
335 192
570 176
625 864
731 847
900 853
583 227
506 420
581 736
133 788
164 267
503 208
181 123
708 182
261 590
961 461
725 362
145 555
835 284
440 883
260 373
306 607
967 819
319 992
910 920
159 429
246 775
619 983
688 881
927 389
105 846
869 815
861 810
75 540
287 991
983 231
108 115
591 551
240 30
21 934
574 65
765 541
482 965
436 725
861 79
115 939
939 640
641 230
944 969
639 163
78 607
767 36
340 154
300 810
983 838
465 975
710 644
439 72
971 782
717 755
730 971
394 3
396 585
990 704
24 95
818 681
353 908
521 873
324 650
222 240
161 178
837 329
886 805
649 83
342 517
209 234
39 851
4 740
346 718
133 767
185 756
706 85
42 338
90 393
267 556
692 899
857 957
167 370
39 945
383 693
525 807
239 163
720 246
318 662
569 551
315 530
20 968
66 170
850 442
401 358
831 99
585 142
918 100
938 644
334 368
880 795
343 134
573 303
116 10
238 504
98 481
572 336
389 684
172 370
79 108
956 259
337 580
625 680
902 103
382 979
174 493
819 606
173 950
51 73
157 42
281 591
354 460
921 522
759 799
440 883
305 593
10 243
322 377
686 263
650 129
402 926
361 715
34 999
45 272
682 735
196 444
31 765
63 934
36 881
648 320
50 301
408 282
783 708
715 322
67 909
454 479
324 531
6 891
634 801
230 76
225 623
299 25
536 591
86 156
417 303
463 935
563 747
135 299
712 538
546 908
826 792
120 209
227 485
272 250
952 77
411 204
499 803
698 188
999 352
378 805
995 438
482 318
704 463
828 262
373 296
285 474
485 262
386 913
72 273
564 665
539 921
727 211
192 224
366 616
349 543
272 703
577 757
675 488
721 150
834 468
481 998
966 122
99 416
363 621
288 224
182 129
399 779
166 627
607 582
429 614
26 922
206 414
595 539
586 354
51 861
203 44
818 216
491 63
293 709
653 766
968 105
507 925
901 81
233 228
732 893
555 151
381 338
684 590
570 662
520 634
989 614
583 854
66 277
923 832
650 926
53 460
416 193
217 294
127 26
340 162
130 713
797 133
617 433
705 371
842 398
481 629
341 186
282 912
387 340
980 144
965 495
140 825
830 787
433 706
923 742
409 965
925 864
710 284
520 393
551 894
562 250
64 956
562 287
715 351
380 278
559 232
447 913
128 210
222 335
918 896
91 501
742 600
406 82
864 486
584 282
481 413
713 200
291 61
379 917
568 314
460 898
337 799
730 874
209 580
14 827
521 987
748 618
667 794
644 820
252 346
811 85
146 739
992 275
911 537
868 758
73 332
616 684
654 722
198 61
290 994
544 246
355 983
605 981
202 360
424 284
426 641
985 658
849 96
823 497
283 50
552 189
797 882
452 367
12 273
441 518
963 497
413 957
50 44
925 173
863 629
136 748
766 147
954 457
196 191
142 488
410 607
47 977
258 176
802 770
452 221
102 825
826 458
265 317
771 439
481 226
994 436
293 683
662 743
345 501
947 271
337 298
511 258
454 663
121 991
549 736
403 705
60 829
546 3
748 445
957 171
315 618
363 342
50 125
445 883
359 841
900 851
578 878
435 737
106 605
929 650
516 799
650 244
317 814
92 954
793 772
302 158
678 726
406 882
811 288
622 908
782 750
572 108
664 45
919 602
339 913
806 42
686 785
830 275
906 453
232 98
7 500
326 700
651 611
673 634
836 958
83 884
384 939
745 535
954 79
712 157
393 825
79 102
92 230
800 49
31 287
369 300
382 404
977 201
309 974
637 213
642 762
303 523
793 506
690 817
174 970
621 240
95 963
921 14
304 35
819 512
386 397
128 171
434 167
546 217
85 30
136 292
842 349
481 373
515 695
527 15
961 242
58 849
430 490
518 398
111 615
410 214
721 577
32 678
575 566
165 276
528 939
85 832
707 832
398 190
339 446
179 152
626 825
813 17
775 840
672 303
221 405
695 686
829 865
184 859
292 513
472 566
804 538
267 284
371 926
101 393
453 634
767 539
693 150
180 772
75 818
742 413
954 356
754 769
446 76
265 868
114 437
718 438
149 496
539 510
560 949
620 937
147 958
69 256
473 142
237 728
546 700
85 460
198 237
18 555
409 410
361 65
86 796
152 849
192 96
609 91
643 197
112 418
375 683
58 807
503 206
799 280
259 107
472 354
826 697
637 909
174 163
26 255
889 261
431 644
162 758
975 912
326 70
421 224
640 860
810 953
943 435
475 153
973 271
336 839
742 769
141 230
615 308
411 153
278 879
719 962
929 476
575 312
225 610
228 600
214 694
913 887
843 162
660 61
340 184
109 782
227 22
475 876
18 209
678 411
270 936
53 407
799 297
724 84
887 659
202 914
725 856
846 791
764 305
722 835
764 34
860 451
639 217
839 349
829 198
426 664
880 285
465 711
802 888
534 626
263 491
531 160
516 954
884 979
364 950
827 308
524 485
212 242
873 887
537 167
651 116
267 690
267 507
581 605
338 323
950 215
133 667
879 412
380 266
311 814
339 727
67 187
406 298
770 978
9 181
97 312
799 170
588 538
700 105
782 392
225 280
921 516
412 519
557 153
597 625
922 31
129 467
53 222
603 769
951 239
976 155
781 629
49 951
784 713
413 518
541 218
456 358
612 721
89 849
999 559
183 58
530 483
513 647
51 399
448 105
832 758
447 228
677 245
220 290
840 368
104 447
402 6
249 147
679 294
463 343
467 385
476 631
337 814
8 111
112 762
651 398
346 564
54 377
251 263
174 510
715 439
568 371
212 565
949 613
635 251
311 344
563 593
20 408
231 705
326 514
498 934
517 890
377 540
249 555
554 539
377 324
973 901
533 860
197 300
842 411
522 377
66 946
213 427
687 700
201 388
624 254
368 881
442 761
553 278
917 599
901 881
410 541
555 318
315 350
523 385
870 517
907 404
384 184
962 479
690 691
375 227
122 920
247 254
134 867
859 485
366 433
593 208
654 925
782 414
960 53
918 354
22 864
792 755
7 628
568 771
15 946
265 577
530 598
170 204
683 710
409 149
590 564
46 363
4 401
11 35
958 700
298 677
23 159
827 340
779 134
752 621
321 791
998 9
195 113
281 192
186 741
308 90
801 668
72 937
558 702
368 295
220 25
446 338
133 824
361 452
988 692
844 126
195 163
502 516
931 614
808 921
562 379
634 850
155 653
894 21
388 383
420 967
449 814
753 489
380 149
456 505
263 650
865 280
524 582
681 655
113 917
242 667
418 831
988 573
414 654
65 819
59 464
267 485
328 455
879 506
618 163
862 58
319 927
345 947
240 880
702 198
387 814
455 237
702 724
695 384
899 471
853 194
283 904
610 528
534 387
859 946
523 679
282 190
608 613
564 136
812 892
280 714
30 444
738 276
843 461
639 897
205 415
949 131
207 862
897 797
998 900
476 895
450 239
546 486
762 337
583 47
166 50
154 83
194 556
930 636
648 320
185 836
247 44
192 110
83 443
569 465
938 125
469 593
879 876
34 629
331 781
685 961
895 503
304 352
731 395
218 207
778 723
2 576
248 693
595 174
678 114
447 920
242 8
369 967
621 376
264 458
174 129
334 299
921 40
162 76
728 971
644 717
909 995
235 409
927 42
731 956
546 872
784 715
907 255
524 155
538 650
817 434
466 992
103 608
940 476
894 304
704 506
848 92
159 483
983 319
669 837
86 938
251 431
513 56
242 589
106 892
793 433
653 361
963 436
901 447
837 288
694 147
438 238
876 298
787 117
190 528
482 694
253 604
314 695
550 817
248 6
86 938
234 316
664 173
63 50
303 661
276 682
328 871
50 938
928 109
166 786
390 344
562 700
232 255
807 823
893 439
577 626
948 233
3 629
534 209
978 316
539 769
777 540
907 4
486 665
308 978
631 479
447 224
564 654
729 688
103 70
643 868
947 807
712 330
839 452
55 500
961 697
31 930
352 417
251 31
753 580
704 433
463 705
449 396
863 217
827 613
752 802
264 303
860 683
317 470
825 903
699 901
634 154
578 512
429 991
612 81
203 207
852 325
755 145
649 4
998 330
760 642
225 135
290 25
983 834
381 872
7 782
810 732
951 628
998 123
413 720
161 545
652 132
967 822
306 838
306 498
363 663
545 276
725 723
601 363
79 439
40 543
299 489
643 462
386 43
820 359
599 343
897 808
480 432
234 307
66 884
797 196
25 758
655 59
394 525
133 663
650 575
145 503
110 987
567 831
899 381
742 944
632 275
726 145
769 749
732 866
402 816
634 209
808 33
54 133
940 529
488 1000
363 741
905 285
604 324
215 188
470 736
380 730
819 601
976 373
810 755
741 136
911 706
448 545
518 116
904 259
713 840
414 843
889 960
874 901
695 638
176 303
379 26
150 592
665 485
184 300
898 772
968 286
778 270
516 525
551 563
943 595
736 961
529 512
884 384
860 453
381 515
881 966
214 573
382 179
524 393
370 345
518 885
265 222
952 323
309 510
147 843
52 618
482 812
603 498
561 96
646 358
78 862
754 878
609 625
582 588
128 673
29 73
171 797
758 51
522 196
676 466
70 998
745 502
750 598
524 596
66 482
949 241
110 260
50 480
930 277
643 460
555 645
896 423
573 344
232 656
27 900
104 963
514 48
129 285
137 509
24 519
139 102
221 390
52 762
715 789
901 746
651 853
1000 274
351 444
141 147
158 901
753 761
538 729
312 667
798 541
1000 958
107 92
643 18
212 181
271 813
936 18
192 818
241 758
355 155
607 166
623 881
996 838
666 765
902 124
392 840
663 134
444 606
593 710
308 853
141 956
894 962
110 277
372 499
34 561
1 953
757 249
608 452
941 233
675 363
627 724
8 428
726 725
42 281
323 723
107 38
213 712
190 172
63 922
323 194
316 59
745 119
64 120
831 827
612 44
933 439
682 683
485 835
630 644
804 850
583 618
795 972
647 713
324 300
131 415
358 853
187 355
858 334
493 618
759 588
757 182
796 751
871 729
795 363
94 923
338 483
665 439
642 949
638 447
277 439
628 401
584 916
698 796
138 266
366 594
851 772
828 911
38 492
691 873
169 43
962 917
77 65
895 714
618 493
434 360
623 820
961 325
970 413
970 803
129 636
605 609
222 896
582 463
804 356
47 812
561 71
816 992
683 978
31 532
189 547
800 663
227 33
263 679
971 744
865 17
918 452
100 92
563 471
234 474
652 270
709 242
95 771
211 959
844 784
86 81
738 864
613 947
333 425
236 753
923 459
832 307
443 724
617 284
80 691
292 895
7 482
687 967
192 691
195 155
1 379
998 907
746 605
747 36
546 57
102 835
502 468
823 541
984 401
230 377
691 547
946 642
976 788
265 15
3 50
611 107
954 848
203 122
921 849
488 794
968 494
623 420
878 386
467 386
751 464
249 764
193 896
484 513
761 776
858 61
889 691
137 592
424 115
169 571
138 960
378 636
869 938
701 39
151 302
170 408
175 855
901 879
386 557
622 993
342 638
424 408
625 379
994 965
195 797
511 972
682 596
319 743
74 353
642 897
921 891
676 876
662 391
366 423
434 552
906 223
237 879
754 825
269 462
928 667
764 863
262 927
15 660
25 627
173 338
813 624
178 556
920 681
307 883
406 659
434 414
238 7
489 198
239 993
795 257
540 220
795 338
218 864
742 692
335 368
954 724
258 971
49 286
508 400
985 791
715 616
531 857
796 482
319 788
751 973
236 834
689 186
231 373
489 108
342 65
97 208
623 218
477 399
561 257
959 240
274 895
892 758
935 944
222 59
708 426
919 878
381 678
718 596
436 871
218 606
361 901
43 399
323 823
543 257
149 765
549 145
678 265
69 255
632 570
945 583
346 728
343 643
26 113
699 695
62 77
343 590
288 798
850 349
150 394
910 602
882 636
985 931
490 203
685 204
261 908
234 29
500 320
913 27
748 767
787 187
218 95
260 63
718 8
662 12
115 612
81 93
429 147
96 417
781 636
705 480
790 571
133 595
227 65
607 706
393 579
15 752
322 190
548 356
1000 139
290 441
144 934
577 403
408 167
452 744
934 136
757 905
640 865
421 908
567 443
133 853
438 980
225 126
244 6
59 318
409 390
534 993
874 310
298 790
802 481
530 724
1000 862
538 129
288 887
99 673
428 365
4 315
819 341
498 265
88 218
662 840
743 773
602 40
145 894
54 215
863 130
860 365
522 973
580 178
999 347
479 122
979 294
917 857
4 263
211 443
880 577
986 923
410 697
42 529
764 758
922 92
139 537
674 732
970 626
742 372
471 64
446 276
48 923
891 581
219 389
527 320
533 892
933 198
884 415
697 937
679 921
910 232
999 290
287 624
474 553
183 624
899 8
446 316
482 307
772 779
381 420
538 448
225 120
390 742
241 245
162 329
999 654
327 112
2 725
524 164
381 167
763 662
761 596
585 358
87 426
81 581
954 908
206 639
967 32
383 663
734 762
437 466
27 184
174 404
968 510
207 437
159 966
970 726
660 655
273 949
536 763
614 339
486 587
257 839
662 399
950 294
369 480
928 148
443 993
667 174
240 132
128 530
177 950
208 639
268 142
919 54
782 400
286 832
732 485
111 79
522 98
101 256
442 578
502 114
93 327
750 264
932 64
219 280
394 274
182 376
680 813
720 731
483 443
859 862
772 221
124 245
825 761
91 823
500 703
737 14
514 168
965 334
374 421
561 12
915 597
663 834
769 414
437 667
312 356
399 959
704 954
826 171
474 200
259 254
164 71
916 392
860 702
461 226
23 237
345 518
564 590
323 916
872 810
782 439
907 724
216 755
457 626
608 354
787 810
151 698
105 511
428 850
93 868
596 908
404 78
829 232
561 700
671 141
380 538
62 993
939 981
756 742
762 185
93 909
826 922
244 761
430 176
852 791
502 26
313 338
844 53
109 740
501 436
615 514
874 798
827 350
974 452
332 232
589 680
670 459
87 245
355 333
269 761
545 528
384 270
649 831
921 587
612 719
822 578
860 358
295 177
981 742
216 123
392 3
83 204
258 139
761 359
225 562
181 246
590 546
212 562
141 299
817 10
480 747
285 431
144 502
186 883
696 880
988 682
991 603
688 731
571 688
281 316
122 917
37 322
204 193
931 748
751 774
456 578
367 18
621 220
303 746
292 763
225 469
115 456
866 611
274 145
809 722
519 885
687 830
980 836
743 791
968 736
623 398
118 441
244 825
295 793
487 506
114 906
46 700
46 960
448 634
978 796
84 56
272 300
506 308
9 164
106 200
37 365
856 321
62 110
857 471
82 340
220 864
682 907
677 701
662 817
376 769
596 492
238 892
825 994
437 137
663 67
51 895
256 7
473 515
288 704
38 224
618 562
169 582
270 797
492 56
396 714
764 516
948 53
386 447
880 546
915 378
648 73
733 359
554 661
414 974
177 938
88 516
936 349
239 942
29 724
880 78
531 717
415 488
300 921
858 571
454 201
931 218
412 191
7 708
712 448
663 978
19 323
89 686
405 876
557 702
890 878
968 132
545 146
780 517
140 136
884 947
249 135
585 811
319 332
766 38
417 622
229 393
644 87
971 193
467 697
374 982
609 817
195 124
723 658
419 152
468 915
15 549
326 590
989 919
5 239
664 193
145 403
834 869
124 613
543 833
802 144
901 74
59 614
15 526
683 246
469 737
236 756
888 225
65 468
440 968
721 267
960 150
415 213
977 780
764 618
940 269
392 927
272 785
278 48
522 59
235 857
114 849
578 409
300 623
706 772
198 755
831 793
171 471
905 936
778 78
574 417
774 47
255 500
67 783
877 187
156 579
316 10
516 646
293 827
176 715
854 395
892 860
117 571
515 183
503 496
49 310
72 116
472 397
478 631
830 146
474 480
823 43
112 703
888 489
370 400
847 234
473 286
875 227
644 377
615 24
11 248
738 593
21 218
356 709
794 107
979 587
709 599
45 701
618 232
442 404
306 454
629 353
105 907
625 783
895 612
957 501
257 891
6 261
442 307
725 900
166 836
744 664
366 956
882 847
937 938
86 663
157 426
242 102
896 677
680 445
914 880
501 504
2 852
541 944
932 793
328 967
832 313
194 366
873 66
715 331
454 412
52 964
954 126
617 97
190 53
738 166
991 639
768 587
824 333
63 248
339 537
648 866
304 358
877 601
466 964
433 915
642 381
822 530
43 180
241 872
401 36
527 236
144 830
644 792
610 950
616 395
151 144
363 788
624 757
309 285
66 62
596 772
687 383
781 669
159 654
26 545
488 423
716 546
973 839
919 379
337 332
590 334
326 410
47 177
698 255
422 51
218 73
863 326
381 89
548 106
559 502
90 845
233 162
106 472
745 928
927 145
749 38
7 23
104 558
404 962
800 765
648 449
783 197
450 107
562 395
181 410
960 529
34 320
787 590
712 261
740 146
698 228
552 697
985 721
589 904
251 752
373 111
568 368
473 175
227 371
159 698
675 674
276 534
429 686
874 895
920 883
644 476
682 485
485 959
877 614
659 252
590 560
596 214
442 364
175 199
992 736
781 220
521 44
147 728
845 80
25 250
953 68
266 269
630 588
446 732
764 443
494 160
281 114
7 84
764 966
972 136
726 286
876 218
829 205
774 56
271 991
491 621
864 255
573 900
319 120
972 626
418 201
930 617
508 124
70 697
868 751
537 400
961 454
557 825
853 311
352 101
113 345
362 96
831 94
465 77
925 293
546 422
760 840
797 133
339 864
113 66
130 904
203 73
323 721
103 753
107 954
406 937
190 805
332 336
135 157
462 825
441 494
914 631
185 173
150 582
696 423
404 198
164 862
194 898
683 919
876 635
491 529
910 863
185 951
421 56
226 323
306 46
555 300
794 147
116 506
121 14
921 415
725 11
32 925
897 176
681 700
629 620
448 975
247 330
412 481
18 306
349 289
655 884
749 246
353 603
595 191
606 189
478 661
798 508
505 988
693 444
713 925
199 353
432 699
489 289
909 250
703 730
981 41
460 312
110 761
389 642
488 882
359 990
150 898
830 425
73 360
694 632
343 758
188 815
123 358
529 929
942 238
402 880
782 286
89 424
278 794
134 450
218 720
324 768
863 813
681 605
583 91
798 552
689 491
605 472
656 766
719 708
478 617
39 860
757 674
864 525
357 509
454 816
437 249
233 21
81 639
384 647
728 459
5 696
377 391
561 491
722 872
771 761
459 252
703 625
713 445
243 270
603 94
772 264
807 477
95 692
94 746
653 351
225 822
968 86
335 750
276 437
851 318
872 666
282 827
78 472
765 452
201 987
172 323
797 773
378 899
251 201
610 732
847 296
372 161
971 542
391 943
86 654
260 511
746 142
607 82
540 628
760 594
17 576
519 14
722 777
351 792
839 742
195 76
912 664
626 171
684 174
617 68
79 91
130 460
480 263
184 625
933 38
671 979
821 874
865 170
952 863
101 757
309 882
208 536
93 506
579 578
188 155
759 387
637 306
953 618
38 869
331 98
677 585
627 781
706 936
211 955
138 598
59 97
708 252
768 978
716 961
800 29
858 973
434 381
574 261
144 568
389 880
140 800
626 50
882 728
308 747
231 626
282 381
975 159
763 919
374 887
602 202
151 443
744 267
113 417
46 855
235 706
179 410
50 545
979 517
156 295
566 942
865 973
611 88
24 188
593 152
236 924
403 366
787 885
495 446
70 151
958 347
202 327
522 757
265 668
879 763
683 640
536 36
710 349
203 678
949 829
516 970
447 91
549 304
932 708
704 740
537 122
590 682
81 43
136 231
747 301
897 659
24 148
378 220
340 205
335 914
78 102
395 144
955 573
885 533
536 395
213 748
788 862
48 140
438 756
798 858
646 454
849 286
422 32
925 212
751 742
216 371
322 792
65 844
697 131
944 768
704 446
423 837
110 422
61 921
927 512
713 547
766 298
922 107
906 697
992 335
433 50
696 469
13 343
309 227
787 619
531 91
999 330
479 258
802 926
783 956
309 428
109 486
274 689
545 357
380 921
708 830
670 55
65 463
548 632
811 141
608 604
901 871
633 341
133 292
457 674
473 672
427 14
203 79
883 197
602 847
919 506
748 74
924 587
278 128
71 673
388 962
472 741
721 10
211 710
757 564
211 106
753 786
298 17
451 409
301 108
406 528
787 734
254 153
711 965
499 661
447 203
411 764
621 311
24 631
99 648
998 872
465 476
959 336
778 892
414 19
828 409
693 324
535 471
333 583
510 705
624 367
705 32
512 2
724 216
729 378
949 883
515 363
595 608
87 199
646 79
144 2
507 179
992 87
138 420
733 690
690 257
129 497
420 273
999 480
270 957
879 865
412 77
504 409
963 844
874 102
871 347
934 540
290 298
723 744
584 182
599 667
525 75
728 912
646 276
917 965
180 329
649 785
653 210
305 805
210 933
294 283
236 458
88 97
888 894
169 283
740 308
708 411
640 81
133 555
465 287
376 494
140 644
180 113
144 163
893 842
715 412
370 209
556 152
190 673
983 141
497 742
476 382
621 892
683 561
536 238
107 968
773 761
59 927
205 596
301 612
94 663
368 121
638 826
961 923
878 464
722 782
219 554
884 14
185 461
782 205
798 107
127 514
664 358
466 868
106 661
66 93
321 399
384 824
620 524
500 131
532 979
253 350
13 326
699 912
418 673
947 6
593 361
789 274
630 873
673 519
431 115
79 148
230 535
759 772
243 97
223 525
97 813
111 35
61 591
535 992
923 476
521 773
579 130
789 220
2 257
888 216
900 222
420 791
473 717
739 302
478 863
616 301
645 278
888 763
509 978
186 529
241 2
775 779
193 341
605 769
536 795
753 268
744 788
703 555
637 392
72 301
523 908
678 854
695 549
628 592
841 318
645 377
785 898
513 404
671 789
275 577
17 903
168 953
111 122
363 285
880 101
636 881
494 444
517 656
645 101
207 994
485 729
379 711
326 869
949 122
718 824
844 470
926 392
995 975
807 351
657 393
660 272
75 57
267 724
597 604
989 369
899 522
547 120
168 561
432 28
176 736
539 416
209 937
651 548
143 239
284 12
499 627
667 389
277 399
394 204
799 545
419 671
845 420
809 789
843 302
234 527
568 314
709 439
824 849
879 391
373 167
712 199
653 881
43 654
645 8
711 937
233 766
127 872
211 717
471 263
240 599
208 936
931 577
49 658
828 797
982 495
775 279
616 982
197 694
774 927
910 725
827 273
464 304
177 986
285 152
856 437
293 364
679 759
959 60
428 544
493 106
981 708
316 407
999 891
62 957
70 227
26 631
680 677
260 813
130 822
659 734
257 285
503 332
4 207
447 390
245 647
615 636
383 234
120 912
902 181
806 424
464 234
230 151
293 636
249 576
843 917
178 565
334 615
323 16
761 812
182 442
601 949
146 722
311 242
529 602
29 42
118 948
196 569
452 451
299 77
931 378
777 252
62 122
957 473
897 180
595 23
810 616
434 299
477 395
119 920
211 225
309 431
629 458
523 244
517 627
974 26
984 718
906 627
849 603
866 206
520 873
506 211
355 675
442 225
888 13
551 371
261 293
349 652
516 261
773 958
58 790
528 501
721 620
273 709
895 591
59 413
774 865
657 128
730 747
739 880
930 552
469 625
477 182
95 432
291 390
474 378
791 552
697 721
251 429
851 88
899 653
697 656
604 114
76 222
603 427
263 679
907 746
985 555
173 165
577 501
206 338
633 565
443 113
40 51
868 689
364 416
664 380
261 849
630 657
453 846
550 200
336 661
269 975
266 350
661 444
891 514
364 370
80 102
381 614
183 780
838 353
150 418
468 443
922 71
262 454
928 571
790 314
622 293
365 482
257 342
36 279
410 506
123 534
501 888
579 850
661 408
318 937
938 193
