1000
5
701 745
716 195
598 696
764 487
560 634
552 179
164 576
850 119
584 954
702 538
657 52
844 446
339 78
873 699
976 603
472 170
606 899
44 234
164 476
231 156
246 789
208 316
599 564
616 117
910 831
919 73
726 670
857 776
65 95
143 150
62 304
450 437
807 760
201 374
886 337
687 946
132 697
869 238
578 162
78 827
608 279
449 75
653 306
641 303
788 731
74 147
281 548
190 997
655 317
726 91
883 327
351 421
479 306
103 950
374 794
339 402
974 108
340 942
831 549
242 699
791 118
495 772
39 698
1000 232
656 882
285 210
580 747
278 615
467 167
32 395
539 583
404 68
720 477
651 541
780 62
379 724
414 455
454 359
988 761
408 407
424 153
284 989
459 805
528 187
510 328
926 49
682 272
627 499
956 344
374 74
746 496
844 596
556 412
217 931
718 726
690 558
205 199
636 316
986 122
763 741
663 454
144 12
899 925
140 582
450 320
129 761
304 365
449 323
461 282
567 982
21 130
191 52
606 360
294 210
117 79
778 14
144 875
146 192
360 76
424 879
785 950
599 831
547 49
289 242
997 197
658 524
759 702
85 415
847 186
23 698
947 935
194 24
637 103
27 868
362 970
458 766
956 625
688 152
914 760
941 41
551 847
546 500
216 599
549 246
593 784
655 856
949 434
308 886
863 542
194 787
690 232
209 411
378 673
519 388
735 635
118 593
445 75
508 205
893 494
426 496
62 19
123 570
559 716
730 590
388 364
588 488
627 266
394 204
816 947
106 198
558 765
795 263
199 436
672 927
743 17
985 188
426 574
558 391
876 960
468 741
418 349
706 991
208 788
481 995
536 591
982 488
496 145
490 438
800 426
197 116
16 536
355 351
823 304
440 53
843 899
251 6
842 998
53 887
164 341
10 344
890 899
275 49
450 193
182 149
688 423
444 614
553 387
254 584
508 445
301 667
537 966
250 44
317 853
221 287
858 233
228 70
527 752
153 870
735 440
578 610
779 874
821 323
459 376
685 790
739 832
545 915
343 592
613 160
612 757
80 25
970 940
830 391
708 803
405 86
788 561
596 6
160 603
573 504
849 543
591 134
29 964
117 509
276 436
896 350
864 360
133 734
585 12
113 978
484 69
105 913
584 558
187 505
622 562
949 246
132 916
400 376
604 213
29 929
423 590
178 828
36 475
144 441
166 212
90 93
916 315
350 933
601 497
518 598
538 854
871 202
781 524
583 138
562 829
58 100
741 425
24 675
508 728
990 505
103 554
180 388
232 317
258 599
378 145
961 218
636 340
691 823
486 380
879 394
271 754
771 823
577 775
506 510
351 191
292 73
394 538
235 873
654 302
81 549
727 376
126 992
535 550
286 448
157 341
614 875
859 960
245 790
938 21
221 305
477 284
588 813
402 976
70 79
774 21
133 334
112 628
952 318
439 974
727 790
570 967
359 568
127 981
815 586
364 575
759 184
465 470
955 263
353 226
601 520
421 239
644 736
666 822
516 401
750 108
289 986
149 716
994 877
900 39
839 34
524 759
437 484
170 957
415 366
886 561
63 124
698 697
995 719
243 509
496 396
541 413
195 966
317 907
341 212
736 731
142 229
874 183
812 814
614 334
48 261
852 766
674 103
398 252
547 467
488 307
192 87
978 831
216 673
241 709
254 782
902 888
196 439
890 190
567 969
483 907
314 349
268 854
359 511
102 313
474 443
499 686
8 932
569 760
117 953
413 161
320 742
105 927
523 990
560 514
969 890
426 328
285 657
222 623
320 564
881 650
50 926
575 537
671 26
93 381
3 69
939 993
566 421
633 29
51 555
523 457
8 142
33 759
852 297
271 555
68 466
578 291
6 865
826 360
556 524
489 591
993 720
885 257
939 822
128 789
351 879
412 187
32 635
540 23
358 517
927 84
736 120
216 862
220 633
686 564
384 404
192 129
560 706
161 719
463 617
408 847
969 843
631 947
742 244
311 135
37 4
557 742
179 515
694 183
126 401
728 484
883 348
12 291
613 171
834 71
40 212
998 966
481 623
529 608
795 909
228 101
612 934
310 886
858 790
142 624
4 359
785 598
220 355
512 94
278 757
522 672
863 382
325 799
237 806
269 412
597 98
815 435
64 86
664 897
73 788
115 669
317 916
468 769
765 608
670 106
537 874
16 543
688 730
682 981
389 448
725 486
307 806
687 622
979 13
265 114
783 136
211 164
199 488
776 503
24 897
346 986
69 721
786 330
82 17
971 360
247 71
286 72
302 167
276 909
1 895
197 80
601 494
597 690
391 229
42 363
946 341
695 229
870 169
415 60
641 744
267 666
385 1000
268 179
366 519
243 630
933 878
445 242
953 329
217 275
164 961
207 586
249 584
840 22
918 382
92 896
74 736
445 598
1000 25
966 263
769 811
161 993
763 372
470 281
805 906
181 444
844 762
235 280
243 463
244 877
118 718
591 145
233 891
454 373
216 753
687 185
146 14
410 638
771 914
595 332
905 737
799 5
209 754
692 287
775 127
195 765
121 317
556 386
744 507
802 205
51 870
186 684
547 671
349 31
987 774
821 448
227 232
761 700
166 138
779 592
600 485
168 10
188 930
94 321
661 792
422 347
445 654
481 148
916 95
537 725
444 848
21 886
95 255
871 672
743 830
128 50
761 618
718 838
275 222
118 395
860 831
323 511
414 892
682 776
287 719
635 717
144 119
410 22
954 573
286 179
550 782
492 63
644 877
693 147
215 751
257 604
247 62
252 202
261 903
212 510
799 789
289 904
407 362
576 969
102 521
838 927
393 85
713 45
398 660
946 793
383 220
765 468
196 746
154 277
158 576
940 227
816 149
640 926
964 209
866 6
45 964
769 26
594 957
942 265
963 874
593 962
93 470
858 683
264 52
872 829
224 549
777 53
764 811
836 841
23 995
275 362
271 541
479 878
690 897
959 408
99 306
690 820
79 715
466 911
7 976
962 201
22 10
317 170
269 510
47 839
664 918
227 104
160 389
862 966
382 521
570 148
917 885
560 765
652 390
55 940
719 68
465 749
13 117
685 225
114 424
179 289
214 838
553 995
658 500
250 203
35 546
354 378
213 747
38 970
97 993
568 336
863 323
652 553
430 209
81 587
552 167
576 254
804 394
663 228
519 411
850 385
162 793
488 728
812 714
993 723
148 544
57 716
484 846
675 196
376 800
571 534
315 856
193 646
31 42
372 455
105 232
973 296
73 607
444 657
791 781
998 255
820 949
959 810
134 209
943 414
736 902
170 619
108 944
548 679
552 323
62 34
712 468
64 629
293 727
346 882
657 708
207 335
187 794
919 512
189 568
81 18
95 179
15 416
791 654
412 486
903 314
466 829
84 706
722 821
905 142
365 373
334 930
106 835
288 343
254 63
237 747
725 719
232 711
493 640
157 77
404 916
876 172
987 974
33 133
137 70
429 959
604 461
749 26
346 434
809 261
160 590
168 579
378 474
957 815
781 204
647 480
237 378
158 569
264 182
663 621
318 402
199 623
410 83
229 670
109 63
612 916
814 838
883 292
801 8
644 417
527 776
530 565
752 382
428 522
586 495
610 648
209 403
493 447
652 514
589 982
575 805
709 885
639 157
137 114
248 699
718 214
457 869
949 715
353 827
599 99
190 493
99 601
251 846
110 534
289 45
438 307
380 335
704 65
807 710
327 436
995 509
654 563
42 380
895 164
963 174
732 893
349 478
807 830
400 973
880 908
176 577
848 96
114 113
795 88
132 73
671 333
949 587
305 363
121 436
179 307
786 764
520 630
147 668
280 817
675 921
737 274
300 596
922 314
905 768
645 783
359 55
456 167
408 270
680 399
883 644
446 301
163 681
757 52
594 656
843 339
713 956
3 89
593 499
124 687
523 883
738 9
341 173
545 898
706 106
846 387
265 859
389 967
703 493
435 227
252 1
702 871
41 573
146 473
989 386
634 814
374 825
210 900
788 731
884 873
126 323
867 816
587 4
367 860
913 460
201 437
158 960
772 658
441 542
680 236
401 728
77 730
719 689
72 482
537 317
791 426
704 165
241 819
487 500
904 137
276 867
802 792
470 645
108 548
472 438
554 386
817 286
554 79
399 464
771 528
818 637
777 171
943 642
514 372
203 369
647 922
753 912
605 697
198 106
293 421
285 618
308 50
282 793
185 809
986 947
977 208
641 169
829 676
126 923
599 540
295 789
663 694
874 637
815 14
102 753
236 604
970 355
701 781
118 60
768 285
53 630
680 576
367 188
745 704
680 407
479 884
338 169
278 705
603 493
848 367
651 297
599 894
218 315
720 147
138 346
181 875
171 897
864 495
908 875
825 28
278 744
51 336
125 495
295 794
227 448
170 85
615 534
828 26
264 188
790 164
156 500
286 539
518 533
539 705
513 74
850 390
652 911
897 662
625 498
200 776
366 422
271 803
227 88
96 195
458 198
66 460
622 725
381 77
781 958
303 974
400 66
126 7
141 89
626 410
87 483
38 540
666 855
125 760
241 969
698 482
660 68
682 357
841 674
753 76
441 634
497 565
124 201
142 710
80 581
415 844
930 24
604 719
947 1000
136 30
488 379
923 83
39 639
401 814
434 779
624 28
538 577
951 35
59 624
972 10
372 568
993 848
26 906
703 491
147 559
821 258
70 478
544 174
907 371
89 544
262 204
180 439
729 887
921 667
173 511
844 571
386 933
554 777
507 489
227 341
190 815
332 802
316 125
721 368
666 996
919 706
835 984
1000 791
750 354
467 388
945 253
368 958
996 569
859 196
447 703
53 877
237 15
640 263
394 860
952 524
689 493
105 236
984 523
529 458
685 701
195 659
280 959
271 70
830 34
63 21
673 185
627 585
885 971
98 568
737 849
741 770
872 961
722 437
869 227
47 423
442 238
271 576
58 348
43 826
999 509
231 466
507 172
202 532
855 282
704 656
368 779
929 167
300 174
878 769
11 347
983 411
469 284
585 674
76 146
746 272
391 261
525 620
954 801
501 805
832 542
458 566
720 615
230 925
376 448
265 662
896 379
319 647
126 900
806 728
968 351
811 169
653 820
661 147
663 751
257 538
319 884
744 105
880 854
268 99
805 983
672 485
69 630
781 524
761 590
895 945
236 927
558 433
765 491
698 139
232 18
601 214
824 46
79 849
627 287
525 863
443 458
358 700
105 569
766 794
341 911
579 571
221 992
792 131
961 829
184 36
151 780
91 87
482 614
560 151
55 473
933 809
906 247
83 142
333 939
845 92
831 872
248 771
541 636
229 532
128 569
559 649
430 651
114 109
411 434
150 92
791 269
454 407
874 643
688 660
940 847
211 342
194 80
515 393
162 1000
775 48
926 995
492 433
493 999
124 315
162 996
730 133
748 820
648 783
516 81
152 727
228 163
940 851
237 771
342 995
326 753
97 119
756 788
432 175
266 623
994 862
543 795
275 830
840 130
860 908
520 80
843 344
840 423
992 436
671 192
116 17
984 349
14 241
115 725
427 748
609 251
401 807
586 515
316 211
494 432
727 76
509 291
299 734
978 431
681 624
690 411
361 377
647 913
933 662
521 708
616 173
750 505
651 118
135 153
444 112
138 21
97 674
152 105
285 962
698 335
693 454
742 726
507 226
75 572
155 369
83 567
882 12
458 59
880 292
688 857
919 463
492 224
440 663
304 443
32 286
53 759
777 950
786 944
372 686
267 913
939 947
861 407
705 364
638 505
36 833
6 207
865 561
516 103
606 618
553 288
104 201
606 99
783 560
692 316
623 878
740 505
484 11
685 336
198 701
645 967
282 652
464 17
658 103
38 728
971 769
581 694
250 259
463 493
297 278
759 954
503 757
687 136
499 184
409 346
865 778
610 261
981 153
305 225
524 806
650 286
554 280
741 893
823 626
944 93
90 997
410 684
754 350
321 110
994 762
323 936
185 830
97 686
806 73
839 596
259 911
925 661
23 554
520 726
995 165
853 59
350 138
435 15
335 230
438 216
865 622
791 67
820 336
181 435
382 318
743 724
521 954
522 687
457 255
357 567
510 302
905 867
687 321
435 836
631 494
138 158
704 114
796 91
29 705
628 320
302 766
666 332
16 11
244 226
190 371
707 599
284 204
163 990
765 896
619 106
322 211
976 302
217 953
933 686
2 623
240 822
339 317
629 644
152 645
613 73
975 809
993 254
104 233
935 411
346 704
933 64
801 598
834 966
297 173
731 610
41 234
998 933
768 831
664 956
535 962
618 178
544 531
84 63
471 596
360 771
457 14
52 626
512 63
966 351
485 567
109 518
856 909
411 373
300 686
702 483
202 398
698 701
198 611
17 731
619 601
979 418
656 800
76 887
13 205
617 672
396 79
25 839
634 813
967 728
882 808
353 172
894 465
365 586
2 923
552 92
174 420
384 120
326 365
493 239
575 801
644 274
524 595
272 972
801 180
221 698
290 661
673 989
948 315
675 848
621 310
535 391
313 890
912 575
794 395
726 606
923 93
418 203
206 849
80 375
324 29
312 70
173 662
794 66
632 111
623 881
964 659
910 990
753 685
2 891
941 651
306 92
115 697
668 694
734 840
370 897
930 431
548 774
843 736
75 579
932 941
413 986
673 826
234 111
829 424
126 580
22 243
256 146
297 44
186 726
549 686
210 95
202 622
278 174
750 100
310 728
192 132
589 639
623 557
444 665
595 89
409 238
150 800
104 906
767 90
981 630
280 20
84 550
962 195
684 879
860 842
876 564
759 686
992 681
627 910
935 149
246 133
556 527
565 350
811 206
743 390
966 421
259 555
235 498
113 170
245 226
76 905
984 785
256 610
304 677
724 544
778 15
709 316
1000 412
120 528
511 44
129 30
63 917
779 644
127 985
316 401
719 718
515 814
822 762
922 68
948 906
52 472
677 331
615 987
168 529
668 520
356 953
532 572
899 132
490 756
579 185
187 878
328 806
511 523
701 952
341 939
1 703
953 138
567 127
443 458
236 667
584 10
389 941
982 32
260 906
301 836
267 487
250 759
939 22
796 301
972 261
292 136
10 296
900 288
723 964
690 100
900 741
85 353
462 80
421 645
291 656
291 50
710 522
113 535
236 652
661 701
334 426
175 216
351 709
1 469
204 308
604 444
570 38
283 757
394 542
514 241
852 821
409 292
68 445
431 957
628 302
741 115
302 914
419 613
154 683
914 400
860 305
889 602
646 577
265 826
867 880
743 664
602 569
289 792
330 993
619 786
214 382
367 19
265 703
733 725
495 491
503 573
945 859
772 159
578 320
73 838
674 600
77 878
543 532
647 153
658 527
998 26
829 447
259 943
127 441
631 404
603 253
735 177
380 84
743 755
930 828
181 461
138 289
889 680
786 457
307 409
939 456
338 1
310 725
272 271
387 199
448 618
941 762
672 780
267 28
164 575
543 769
192 271
653 829
144 743
563 188
674 290
556 97
518 982
473 41
421 346
961 657
352 276
756 280
504 168
76 186
694 712
329 26
465 868
643 285
19 893
555 698
994 664
281 844
761 860
881 479
138 150
17 220
365 891
536 519
952 715
385 1
278 512
570 444
759 845
939 271
443 317
845 730
912 17
998 30
624 120
762 88
591 241
949 774
246 647
321 896
399 579
683 73
122 517
434 804
565 812
819 572
186 418
236 201
786 430
214 872
358 304
778 646
527 299
224 972
781 57
512 689
473 365
280 698
187 776
667 295
365 427
124 506
683 312
326 461
695 51
727 675
766 438
815 474
376 336
96 461
701 648
148 289
856 546
256 899
217 942
329 857
714 564
122 523
159 235
723 91
261 47
551 810
393 948
87 83
981 209
673 919
348 463
704 268
831 367
260 162
471 92
674 536
682 928
735 13
841 778
717 113
926 14
74 225
762 10
672 768
539 94
204 95
185 935
906 348
934 223
704 299
182 546
520 481
778 685
721 325
948 812
654 157
817 751
521 361
228 308
196 755
861 726
741 803
896 758
512 626
634 555
390 438
757 893
877 997
417 161
208 271
800 157
868 390
918 426
980 422
870 677
823 879
530 248
28 748
764 238
465 636
492 588
661 509
411 954
598 907
901 406
404 46
866 325
593 942
523 991
889 377
84 53
399 808
265 86
118 564
744 687
120 609
444 75
268 886
368 63
806 619
313 611
344 257
574 331
362 981
902 658
751 129
219 297
432 70
332 214
686 928
429 921
422 951
596 726
672 148
203 576
785 827
707 576
742 163
58 137
790 522
249 113
511 814
695 123
778 608
769 411
559 815
274 656
685 759
143 149
266 176
284 465
904 804
553 196
392 156
415 184
769 628
11 340
815 871
125 36
818 217
394 609
119 835
390 594
321 672
72 829
811 892
159 205
42 924
776 976
428 581
33 628
738 309
365 386
567 732
594 615
457 993
359 183
85 844
906 793
522 406
255 419
62 160
479 107
394 835
213 625
338 25
888 49
88 671
633 191
309 328
491 666
617 90
901 975
234 769
74 513
966 882
484 369
337 831
116 979
553 970
384 519
217 787
342 905
525 374
668 870
241 731
648 461
113 429
401 655
756 925
269 90
350 45
241 494
832 310
925 494
685 558
475 256
543 330
755 847
966 167
781 31
683 261
684 110
3 408
780 931
582 552
751 929
506 530
21 398
787 934
720 496
343 685
859 592
516 141
964 950
706 592
469 913
81 341
687 109
26 215
104 882
314 225
29 831
987 713
253 681
685 208
284 463
855 428
822 688
805 570
486 682
11 143
813 525
216 606
568 249
876 433
238 646
283 333
356 833
134 831
840 31
181 434
500 620
998 202
694 296
264 579
923 39
571 722
399 418
775 459
30 987
812 82
586 469
897 288
483 282
756 870
462 87
888 475
927 607
557 132
742 510
268 924
320 962
388 179
934 636
803 858
726 335
762 557
415 205
626 373
733 703
8 111
259 350
458 818
325 683
978 286
854 728
777 603
425 286
73 16
664 736
779 387
539 237
701 678
688 432
651 405
464 909
69 444
897 654
709 716
173 961
583 838
287 249
891 92
781 940
342 466
991 639
488 195
400 454
197 794
113 700
507 893
646 457
559 419
230 392
258 751
326 295
458 454
715 349
359 853
462 557
365 161
911 822
249 531
103 898
199 871
452 571
804 454
872 973
344 212
266 971
759 176
425 27
378 318
786 580
33 828
764 325
128 292
410 45
654 779
277 757
183 739
246 966
281 857
276 756
459 214
898 415
546 168
408 291
939 678
891 1
213 256
689 527
295 322
505 889
877 313
860 831
702 354
929 471
862 496
973 187
417 564
165 647
935 655
105 828
940 518
290 619
866 408
54 997
649 760
43 846
196 374
527 450
364 763
616 166
23 760
837 708
222 400
540 882
396 990
955 199
964 147
144 752
750 252
595 248
879 957
109 177
596 558
267 828
293 234
365 508
511 85
367 122
254 638
564 20
947 496
600 670
815 296
120 170
94 534
85 626
866 958
870 195
499 642
232 35
456 832
892 323
583 240
218 195
916 907
530 794
154 354
232 704
158 324
689 524
389 13
36 954
841 278
646 378
768 540
392 468
765 762
785 512
855 276
100 433
262 864
922 688
425 485
196 491
767 758
889 557
943 157
340 348
225 105
948 966
464 328
910 384
235 529
186 626
815 835
347 58
56 552
730 633
422 281
937 298
273 721
104 91
890 864
128 134
81 600
185 891
993 184
611 118
365 327
528 815
988 583
518 750
717 980
268 898
795 59
849 308
244 221
358 823
170 865
781 561
432 99
247 556
371 620
401 6
275 5
982 789
490 925
291 537
303 266
126 746
523 371
646 79
297 984
589 826
211 417
672 495
65 89
541 917
892 395
625 665
846 494
141 509
790 62
513 455
524 215
676 669
834 300
114 527
948 541
335 306
509 116
819 331
323 305
100 267
776 754
790 551
634 146
195 986
306 153
958 94
318 961
16 58
428 153
872 141
339 741
398 655
77 519
945 500
426 392
636 459
652 598
84 46
471 248
842 560
934 129
216 208
481 577
46 406
491 414
918 896
361 890
883 915
107 691
211 767
537 746
304 839
291 964
836 20
536 439
527 476
223 428
134 867
247 219
605 328
175 177
763 653
309 359
945 31
168 368
941 908
98 332
462 633
265 826
855 111
116 573
253 935
379 416
122 51
282 158
977 384
583 419
476 216
852 652
489 979
295 456
189 869
84 836
292 291
726 979
526 651
709 416
964 413
477 84
50 888
681 709
489 83
624 806
24 839
140 917
335 695
892 582
904 366
952 504
360 629
53 780
451 759
484 516
41 277
605 470
128 211
90 380
441 27
21 874
255 577
880 698
557 341
383 182
332 508
916 371
522 668
730 966
554 620
522 968
176 570
953 300
263 872
53 975
990 715
521 333
270 518
975 478
620 301
272 79
856 394
192 970
297 257
595 923
947 456
892 669
962 758
685 898
860 272
341 614
282 466
564 667
262 899
947 395
196 567
787 153
253 724
121 86
157 171
886 714
357 349
804 253
62 721
512 983
968 569
130 176
239 564
793 510
734 220
178 486
876 211
762 508
446 475
631 245
295 563
902 382
549 268
218 131
175 132
3 336
518 289
544 600
918 192
455 256
570 2
399 104
514 367
550 982
114 768
890 97
563 371
912 843
744 11
479 957
188 498
520 344
509 970
923 179
366 278
64 687
829 264
290 402
770 173
234 795
528 499
213 501
924 848
418 167
997 320
577 187
416 725
150 811
569 990
59 329
742 467
515 853
586 992
902 360
38 129
790 27
609 65
88 724
929 938
430 765
614 731
672 656
585 374
998 422
968 534
765 589
171 329
368 135
536 996
454 970
595 37
975 762
767 932
468 252
247 793
504 616
431 940
810 311
870 988
314 605
463 102
8 739
446 713
412 82
845 407
718 351
888 750
569 957
701 444
391 490
108 73
533 272
955 317
436 608
192 642
466 634
799 942
789 622
941 542
291 158
708 404
647 413
62 913
924 253
809 640
653 13
882 51
60 822
978 83
327 258
264 894
812 705
498 585
845 307
258 710
379 134
746 59
540 663
485 559
667 163
913 860
345 974
187 781
607 218
405 942
970 45
656 658
813 831
919 260
978 556
894 705
305 298
175 840
147 261
887 94
79 920
953 395
693 953
958 972
564 531
364 260
305 28
329 908
77 680
821 829
833 291
300 745
683 486
889 369
863 428
462 184
809 592
774 956
491 8
747 791
148 248
151 31
94 179
416 517
388 2
917 889
935 996
800 941
881 281
380 157
349 771
291 760
908 322
178 159
499 224
262 130
975 614
511 725
902 813
298 624
868 5
262 417
471 981
544 555
95 347
641 599
41 815
519 250
334 526
275 910
784 969
535 496
306 785
701 571
959 338
351 945
259 864
852 68
488 42
965 567
183 721
886 724
782 152
675 792
223 729
216 592
215 636
75 379
860 368
824 598
676 552
320 127
225 478
630 918
562 57
381 685
78 315
728 453
345 737
357 965
995 354
602 965
939 607
699 858
607 553
224 5
845 786
195 500
38 400
455 22
229 768
805 152
642 916
873 260
706 262
128 418
587 625
136 81
754 223
227 695
607 263
763 715
518 958
236 933
758 65
902 374
858 495
912 311
546 4
391 832
682 934
471 868
775 949
157 10
81 341
988 192
22 7
96 278
440 34
597 961
420 331
2 276
159 319
746 519
95 206
34 764
910 191
928 686
930 788
302 542
891 970
790 946
854 579
210 591
31 366
604 963
410 118
76 21
538 280
975 960
386 233
469 694
697 219
114 199
21 302
761 269
141 610
793 469
306 212
747 7
918 934
558 399
54 482
127 9
991 565
798 409
381 192
513 933
785 347
361 757
910 426
8 159
92 993
200 471
401 503
632 700
538 803
887 672
582 764
327 483
181 602
488 440
324 486
135 815
85 807
672 163
683 966
844 923
870 563
457 351
534 59
212 197
592 735
696 259
91 557
244 388
799 322
757 915
751 193
467 800
781 916
505 683
3 124
930 244
743 715
457 931
782 911
347 362
603 528
430 911
365 824
907 493
431 889
705 255
914 734
838 459
949 483
265 865
774 847
887 654
785 215
923 546
320 768
847 784
239 204
294 428
31 492
64 497
516 116
239 215
184 103
817 423
389 876
303 514
73 308
905 642
278 437
527 165
224 31
124 855
268 176
886 312
564 350
992 866
742 188
95 800
237 43
436 803
613 398
702 767
255 961
731 721
631 944
242 956
610 351
432 711
219 407
946 28
984 931
248 259
994 620
744 352
670 995
39 405
818 998
135 200
458 550
430 542
488 829
336 430
783 424
547 738
644 194
212 122
862 572
553 594
536 683
264 800
857 646
133 617
164 76
92 495
256 147
594 925
154 439
383 933
21 219
516 895
421 954
418 624
156 91
806 56
552 955
481 419
261 213
87 452
836 467
147 439
265 320
8 135
513 332
196 136
267 865
725 837
33 941
957 587
279 521
143 71
145 397
322 9
128 396
682 89
232 452
48 133
987 73
231 832
255 598
8 295
749 828
823 790
464 858
579 162
284 672
317 912
176 676
570 790
115 624
575 752
17 330
826 859
871 730
243 272
652 555
356 634
797 176
180 843
613 280
237 229
57 187
255 39
260 743
877 353
97 625
161 222
84 782
905 206
169 509
842 347
669 175
397 295
475 840
530 572
113 370
592 622
54 689
911 413
555 110
709 489
281 919
983 965
290 865
572 479
61 612
735 45
171 267
952 896
919 604
203 454
209 181
875 508
905 303
701 48
334 510
33 895
787 865
816 957
476 874
590 875
989 26
344 908
146 835
312 444
803 222
280 384
880 861
390 597
453 349
85 705
504 759
843 537
796 481
682 765
735 258
325 905
256 143
461 896
967 822
989 762
976 764
706 961
130 622
802 229
931 420
613 968
282 716
915 902
850 666
635 508
870 454
963 52
378 607
390 556
126 804
425 892
292 768
42 5
512 946
196 817
133 185
823 129
813 433
666 930
69 799
326 235
181 43
332 301
936 460
144 548
501 923
851 466
436 274
336 813
285 411
135 565
974 426
923 8
992 89
825 802
203 435
450 270
356 204
618 483
662 569
300 897
718 627
911 567
997 358
551 642
853 155
811 502
371 859
704 99
900 430
809 352
279 727
167 618
246 124
244 107
760 744
629 39
293 979
236 953
820 132
593 568
359 572
86 838
525 620
48 323
805 46
765 1
537 713
456 843
643 276
184 313
943 950
153 711
90 267
861 589
197 895
21 228
423 168
906 137
641 910
570 667
888 62
8 347
253 36
502 901
477 659
694 110
786 873
722 82
215 121
874 283
292 354
320 167
464 367
583 44
737 669
895 499
513 352
497 332
605 454
355 514
132 563
206 903
178 626
155 763
236 360
58 806
979 164
963 70
817 856
510 323
784 117
540 816
390 856
971 638
41 682
114 811
332 487
190 140
708 650
155 273
474 346
629 817
583 829
608 61
928 360
171 170
712 29
222 867
845 78
498 274
571 286
118 622
741 753
331 597
676 232
971 830
947 535
475 169
237 720
57 662
298 901
811 512
33 633
916 135
713 331
808 914
691 793
167 583
443 161
330 85
258 651
780 629
6 863
720 583
333 821
12 223
24 391
833 689
82 292
936 344
126 849
171 578
463 837
490 831
971 485
990 869
647 63
477 702
980 219
87 454
995 677
703 345
114 864
981 595
164 152
455 480
297 444
554 850
231 687
556 126
56 137
43 823
430 128
318 747
983 67
448 895
601 140
356 198
775 369
724 916
970 74
921 324
286 113
53 217
617 876
518 310
946 617
432 417
16 757
486 50
84 791
234 837
390 295
353 47
724 872
644 667
58 818
746 48
424 562
71 551
551 166
913 923
262 991
591 944
901 70
441 756
345 813
905 768
877 116
212 734
996 328
468 498
661 441
317 409
912 277
201 901
153 144
495 12
606 910
175 111
814 719
670 892
224 751
704 279
366 122
765 323
363 210
970 670
534 214
631 637
14 271
631 672
220 219
940 374
629 24
608 520
775 707
414 345
924 655
598 679
382 885
32 759
129 899
633 899
637 711
500 710
61 931
820 830
302 125
456 110
813 941
397 154
731 621
751 981
378 272
889 729
651 757
616 524
387 285
121 4
424 31
916 140
292 637
662 814
394 312
177 28
820 876
7 692
878 645
583 864
399 128
122 537
47 968
481 239
640 5
342 671
547 273
176 771
561 670
172 45
924 63
745 392
147 72
298 554
540 4
9 568
80 225
502 492
805 382
155 334
678 51
388 912
419 649
475 310
240 440
773 982
900 394
197 344
893 731
339 342
300 392
208 517
558 52
102 124
905 983
168 502
768 434
595 467
235 297
618 109
904 987
258 340
962 764
442 282
971 397
849 473
762 660
305 227
318 548
815 746
814 797
769 102
742 960
42 86
172 894
483 854
560 293
537 407
484 255
253 296
590 652
735 257
187 172
752 870
537 399
704 171
632 367
817 851
903 792
797 760
548 659
612 851
555 757
566 385
489 765
511 997
580 448
834 630
263 796
713 683
906 568
175 233
731 469
272 73
327 964
890 932
856 263
764 919
982 311
513 287
590 503
931 126
842 482
563 755
276 96
271 466
8 858
815 941
32 824
93 609
448 240
839 245
251 362
208 671
922 247
438 978
54 455
736 975
585 907
469 318
443 147
629 333
345 796
803 618
88 761
217 362
251 920
341 233
481 8
773 563
462 194
774 596
404 884
174 685
630 559
728 680
69 321
877 539
310 984
904 43
745 907
763 828
845 476
763 437
458 46
125 365
990 151
899 293
505 173
662 247
610 873
134 563
612 58
217 311
938 764
318 201
860 940
803 508
118 340
808 440
992 202
839 249
604 326
425 522
372 996
312 747
784 180
134 121
245 483
942 794
228 798
157 737
492 60
837 176
41 199
175 787
143 744
704 904
230 512
326 778
675 405
701 497
815 201
791 830
103 732
10 528
779 129
23 21
673 780
204 598
218 685
454 600
725 634
896 685
756 871
481 524
581 825
8 249
141 479
927 791
431 834
546 188
101 31
154 376
994 158
137 587
33 179
924 208
478 207
29 131
190 811
70 515
354 110
901 448
356 646
485 91
789 769
207 634
144 363
609 670
952 648
361 754
917 49
960 493
99 616
764 178
672 543
833 988
833 267
51 16
136 14
334 331
927 68
618 132
617 681
227 748
294 304
327 905
843 688
596 996
5 348
727 577
832 13
765 551
98 167
123 652
423 355
608 179
840 160
763 216
514 91
623 2
2 830
100 434
529 809
128 465
367 437
844 81
220 581
688 732
400 90
26 598
633 503
137 119
364 760
635 738
290 955
75 643
108 12
825 807
851 304
897 611
92 433
518 466
3 436
194 405
16 419
568 12
354 288
591 440
488 203
736 529
541 989
630 760
895 685
776 584
357 671
229 19
398 106
107 234
45 622
764 779
757 668
102 96
876 998
995 544
118 886
195 459
572 220
458 471
513 958
947 782
652 700
809 270
569 30
652 520
791 452
515 109
280 174
921 254
176 322
525 715
772 872
676 492
669 925
716 77
52 301
716 377
40 85
364 303
531 522
392 953
961 850
971 218
773 467
180 770
956 339
244 269
720 414
768 501
939 453
971 805
136 626
567 200
318 101
285 390
732 53
110 903
237 562
56 434
40 67
161 736
963 240
298 445
718 532
793 354
504 623
169 373
803 188
592 691
729 955
912 526
866 696
795 597
819 521
471 678
188 438
164 160
408 589
490 348
731 774
757 25
631 71
769 373
443 187
483 616
114 507
363 674
33 329
825 817
187 64
102 206
782 176
458 167
423 56
534 317
573 549
184 400
520 897
557 174
821 958
887 161
542 487
885 948
430 489
434 414
897 443
780 590
543 364
686 452
797 328
718 501
664 149
893 757
236 775
413 733
620 538
188 222
469 165
550 752
211 398
142 223
75 103
212 535
679 613
165 998
165 795
907 357
711 474
735 234
805 330
89 971
141 825
273 966
335 950
209 551
617 222
969 534
14 994
702 648
463 273
75 181
137 180
582 628
428 317
737 212
275 221
880 532
754 869
377 680
122 274
970 869
965 989
592 810
122 807
330 95
537 382
908 670
892 410
709 190
456 452
707 251
418 215
257 640
578 662
387 369
979 930
699 889
824 719
851 316
705 91
755 152
475 483
857 749
623 331
840 12
664 275
450 120
559 234
2 887
737 847
287 944
52 557
939 262
532 366
839 652
212 605
100 788
954 390
873 532
343 629
728 17
626 129
312 305
109 739
674 792
748 927
832 418
48 544
249 483
439 234
228 507
601 260
634 624
961 258
891 493
482 453
101 230
607 779
262 883
239 930
870 157
506 736
842 801
558 502
693 93
843 123
510 164
878 314
533 331
8 374
190 56
4 767
295 585
249 325
755 288
790 93
51 477
331 946
257 613
569 95
821 725
83 644
534 974
944 30
142 228
779 85
672 57
802 608
799 55
837 898
910 720
469 806
869 202
396 503
297 501
255 950
460 10
689 77
925 19
361 793
116 522
224 158
246 484
723 290
701 939
273 995
932 800
824 614
935 580
107 802
156 384
834 564
453 695
163 342
27 662
509 133
587 50
909 184
928 355
43 100
304 275
42 603
260 907
392 685
806 833
824 590
279 790
599 620
848 839
507 899
5 560
30 551
365 240
237 325
733 558
215 776
21 943
652 221
346 257
584 960
895 547
298 49
525 23
554 523
192 256
1 170
315 161
844 697
776 882
372 333
877 436
56 386
94 342
967 406
310 518
317 245
111 825
665 643
637 6
15 255
623 484
316 69
190 672
731 947
665 823
544 445
870 841
447 612
371 3
546 392
974 326
981 371
404 640
559 736
758 560
264 815
943 875
409 770
640 926
393 705
841 284
951 15
848 874
527 837
387 979
784 243
605 327
780 295
212 449
977 279
793 247
662 862
509 402
7 935
135 460
613 884
212 763
879 665
854 981
183 859
810 83
824 707
52 975
606 741
456 64
680 975
645 337
762 320
279 565
763 495
169 176
508 339
264 520
850 28
592 294
964 266
925 865
94 240
816 13
848 715
727 937
446 159
295 833
311 262
134 184
871 54
85 58
666 120
515 788
141 438
440 81
617 937
963 879
680 290
792 305
685 650
58 370
956 904
720 621
450 296
378 396
851 632
419 974
824 427
960 531
950 27
123 731
795 993
125 187
531 384
133 348
2 885
676 958
396 483
153 654
635 904
722 668
283 890
91 897
384 466
417 487
127 330
301 759
896 991
572 707
317 532
478 599
79 204
956 773
489 55
982 291
746 140
212 702
376 352
726 341
189 707
164 531
647 292
164 619
509 542
946 220
821 488
766 46
618 20
571 185
417 777
299 71
834 567
532 595
745 245
777 391
62 940
907 159
855 569
361 589
192 619
60 614
470 761
778 40
487 149
826 665
644 685
497 796
163 352
889 696
368 164
203 856
840 446
580 517
979 284
814 220
485 115
61 39
438 781
165 315
719 653
81 368
231 236
855 191
228 164
598 697
319 676
519 138
462 104
270 825
582 719
4 44
788 194
333 874
320 614
746 491
935 537
693 688
9 392
229 463
188 525
584 803
261 836
135 619
521 187
401 465
890 693
222 874
340 259
659 129
86 513
930 254
114 135
152 332
405 286
429 408
393 344
381 550
198 356
426 493
398 211
695 801
926 31
625 307
866 75
990 951
501 993
490 636
72 148
884 140
622 73
983 94
689 455
947 256
419 861
223 72
296 895
781 894
827 349
129 700
643 369
615 684
464 301
471 851
766 272
836 832
788 932
891 902
467 942
285 365
607 780
868 347
539 3
765 843
230 878
296 935
220 945
759 983
509 931
230 291
109 639
709 583
464 410
90 617
256 507
115 867
476 779
8 715
887 222
470 584
225 238
757 620
808 409
917 547
706 495
457 686
410 876
844 183
852 119
631 207
855 350
151 623
206 259
768 44
167 229
579 791
942 460
325 730
415 654
918 12
145 868
662 108
640 675
848 65
43 290
771 714
848 805
422 806
413 832
807 369
518 109
438 215
970 641
368 232
309 376
944 961
550 114
996 118
11 90
806 769
129 877
328 782
789 352
746 93
451 331
654 644
730 478
64 966
663 748
352 623
131 239
234 583
240 663
549 104
103 731
311 312
303 111
650 532
615 68
773 896
45 351
578 112
227 767
46 704
699 412
475 945
868 710
216 401
905 606
360 204
532 504
626 527
228 138
249 369
876 699
477 200
310 761
254 70
960 439
730 357
398 855
147 227
220 137
394 217
396 716
903 210
185 319
313 977
245 285
475 586
617 790
995 555
448 697
185 745
818 1
538 433
441 809
348 82
878 438
552 442
728 860
175 287
570 922
571 263
556 284
491 773
519 437
390 178
433 927
349 887
708 239
817 617
830 851
458 706
377 112
301 896
544 595
420 274
548 623
353 75
900 377
875 809
918 314
228 797
173 202
937 676
595 684
357 780
768 840
660 708
368 635
863 636
447 869
527 643
12 592
925 716
440 983
169 299
987 664
246 112
668 574
335 932
829 231
934 479
57 715
317 879
618 519
428 386
14 175
669 392
660 895
317 281
522 796
768 324
536 582
414 823
924 436
811 999
848 747
860 264
734 918
231 868
140 217
758 291
926 318
411 926
216 755
196 704
269 694
878 727
886 945
81 240
899 951
316 304
950 409
846 252
756 993
741 270
608 864
45 311
601 625
969 880
410 421
804 961
134 558
766 320
597 44
786 971
781 567
560 75
631 172
856 337
246 37
728 232
860 569
834 189
664 489
907 649
491 311
319 865
573 62
928 314
996 122
620 226
135 872
152 888
417 251
266 797
997 495
475 863
931 977
806 50
179 535
703 617
492 963
989 965
143 686
813 109
221 489
536 747
837 485
154 948
332 873
116 910
575 540
459 661
374 130
418 956
191 568
609 904
124 380
65 682
44 105
1 256
704 847
149 224
195 269
370 134
765 722
621 73
969 604
139 39
18 767
123 151
941 985
191 915
213 755
282 813
512 322
895 241
43 459
59 511
657 542
68 648
227 947
374 924
626 983
718 589
820 892
618 740
827 219
246 779
82 305
680 731
111 579
714 91
822 686
775 631
536 309
315 496
979 762
987 528
27 160
433 565
604 857
544 97
65 348
851 175
53 542
698 418
10 342
104 612
853 169
287 87
191 868
737 550
749 432
153 454
634 648
27 654
739 132
535 508
160 610
593 619
457 663
53 304
321 637
992 6
535 355
914 245
950 589
479 975
880 771
813 571
550 669
801 372
163 528
230 662
273 108
998 934
469 691
111 390
511 835
653 816
731 20
335 500
368 88
911 440
402 978
284 680
67 576
64 8
367 652
798 415
916 708
965 595
284 208
307 184
427 246
594 351
224 850
213 483
545 585
111 373
278 510
717 110
854 600
961 920
190 222
991 86
806 455
105 967
206 563
874 766
786 395
864 456
230 321
977 641
588 590
353 666
348 384
751 440
735 257
997 2
724 786
462 637
456 151
240 153
419 205
24 213
748 793
247 528
336 566
68 44
716 539
319 333
93 74
471 362
359 204
963 144
913 448
774 256
113 679
313 667
905 54
712 822
98 803
542 785
889 695
167 159
563 75
601 22
800 875
736 704
647 567
289 370
467 415
581 485
617 477
168 886
74 464
943 415
435 344
486 793
320 798
193 41
469 382
83 97
132 895
49 706
60 920
756 333
614 818
68 511
280 506
454 391
161 398
347 164
467 516
5 120
951 48
900 92
631 815
549 292
761 578
553 522
34 738
992 838
275 303
946 363
986 456
718 151
878 936
162 924
79 466
557 601
756 331
506 98
939 195
107 650
974 65
398 969
26 757
231 53
605 657
805 385
153 277
979 942
648 436
895 585
96 36
78 440
655 862
805 739
512 419
831 6
837 967
281 728
223 358
574 19
669 21
972 845
799 377
224 725
645 929
448 758
111 654
888 336
58 711
477 629
709 290
770 260
810 326
884 626
561 811
321 471
861 3
792 684
644 825
78 647
930 249
168 39
683 794
804 186
62 176
413 321
382 257
585 628
611 226
255 826
765 101
82 827
996 472
222 711
180 190
753 588
257 499
666 148
494 395
607 596
302 588
896 457
846 371
304 866
619 859
322 818
459 44
897 764
12 448
685 920
182 420
128 669
95 75
178 189
655 701
337 582
952 902
920 343
43 755
792 399
771 865
138 909
853 375
269 167
248 810
205 942
448 290
560 539
946 605
123 198
554 214
989 699
283 184
119 178
970 523
908 581
95 896
718 440
938 29
917 167
882 755
698 993
896 586
119 39
370 506
72 183
551 994
632 177
171 332
237 858
305 84
732 483
171 331
261 20
25 542
690 292
606 603
978 78
907 363
397 309
720 404
312 938
758 314
412 866
830 597
173 893
123 373
518 270
807 438
230 843
829 435
917 802
63 859
312 627
372 612
407 169
357 773
459 762
534 520
627 853
203 752
92 617
64 116
847 366
273 468
190 823
415 361
453 332
203 460
750 52
354 176
940 584
230 124
423 868
288 47
986 59
623 483
247 754
703 293
413 730
526 521
423 664
328 285
686 233
923 170
941 981
93 157
249 757
463 594
690 515
29 475
834 215
250 655
224 887
16 357
25 494
57 296
935 336
25 505
961 829
702 420
620 926
779 515
294 359
295 682
543 968
1000 545
41 649
595 98
644 217
721 199
800 28
427 443
523 846
413 865
850 717
647 822
758 172
235 87
13 910
522 971
491 866
2 315
715 874
276 763
581 173
624 500
278 98
408 994
655 972
755 908
640 747
893 381
662 854
800 609
648 818
874 251
721 772
981 285
306 585
253 559
274 240
456 336
410 762
128 137
919 750
777 486
8 221
916 78
779 608
314 899
920 603
367 64
197 968
344 687
586 692
306 248
656 446
201 359
483 828
77 759
716 48
575 200
266 463
34 403
736 673
247 325
681 631
859 27
646 37
359 206
200 407
91 798
437 353
725 159
92 471
398 215
846 854
297 924
510 36
321 927
454 914
12 712
419 484
368 788
835 2
95 153
780 294
294 353
211 283
200 394
49 602
400 17
506 648
618 545
294 476
885 956
428 958
328 66
358 355
29 380
476 437
882 440
877 451
903 664
557 469
691 110
151 487
951 997
219 476
158 794
975 354
634 349
656 904
502 21
395 294
745 140
135 657
532 692
202 872
92 400
201 935
597 915
516 787
194 210
543 701
733 468
849 525
470 491
945 604
568 645
886 538
132 941
394 45
895 183
636 492
644 154
366 502
6 991
2 922
998 924
21 394
581 205
792 76
776 454
299 561
785 882
488 197
818 663
696 422
872 309
871 228
907 381
136 519
616 734
221 686
619 268
456 473
680 943
698 507
158 404
347 266
450 776
905 46
722 849
296 373
2 980
927 420
552 27
398 33
327 423
451 68
273 573
423 667
166 841
480 176
681 364
735 850
8 585
110 794
146 677
615 55
428 393
343 750
267 862
983 720
470 521
576 523
199 375
768 797
254 860
942 713
347 342
561 192
917 593
469 198
492 628
308 888
342 507
580 123
893 152
686 374
670 212
330 384
852 625
94 742
309 598
261 228
35 567
389 775
655 918
844 105
539 725
158 658
10 420
759 714
369 72
357 905
365 718
681 472
447 461
119 723
727 594
766 167
366 473
161 83
556 312
197 666
714 430
361 917
686 894
593 739
784 440
373 586
240 249
866 3
234 65
463 819
280 635
797 559
566 431
184 467
453 854
146 775
321 66
702 108
147 80
194 565
259 640
984 492
601 261
696 485
306 171
691 620
523 191
342 22
239 609
400 998
103 73
57 463
886 186
200 63
615 407
518 328
153 969
346 32
975 353
586 488
470 207
657 927
346 866
989 468
984 154
542 13
165 473
767 6
560 510
479 739
242 263
189 26
452 567
249 587
435 586
208 92
164 500
895 66
118 469
575 137
168 635
679 418
706 561
885 59
439 529
492 586
787 758
528 721
93 581
423 805
831 777
436 54
891 477
913 442
395 695
168 711
167 192
763 327
43 659
503 545
669 769
530 161
804 176
657 331
871 464
439 645
678 371
171 473
968 438
248 863
825 28
820 250
761 807
735 778
131 572
839 278
615 379
666 813
547 290
240 639
196 678
76 504
556 963
959 219
224 486
917 537
621 437
13 360
171 449
49 278
680 586
431 25
848 329
726 745
485 789
516 609
798 195
68 103
876 810
334 998
829 681
113 592
963 468
401 70
862 888
57 118
32 807
722 839
488 916
121 772
561 841
264 208
302 122
28 66
798 198
738 178
374 588
223 701
574 73
676 925
11 931
708 325
231 460
122 327
153 640
594 736
12 634
284 909
938 615
810 862
742 24
754 561
956 79
157 572
971 904
334 959
434 357
792 786
186 133
341 146
918 219
932 701
516 265
615 973
953 902
55 535
307 102
344 925
311 57
129 938
380 374
715 529
58 390
907 367
926 664
565 908
732 581
485 935
77 596
498 244
662 838
219 702
891 983
214 6
68 391
180 690
160 689
752 750
366 23
589 188
195 703
783 441
753 533
469 523
673 941
770 402
181 413
28 296
428 585
182 836
698 775
507 596
